-14.511,-5.457,14.741
-14.511,-5.457,16.475
-14.511,-5.457,18.209
-14.511,-5.457,19.944
-14.511,-5.457,21.678
-14.511,-5.457,23.412
-14.511,-5.457,25.146
-14.511,-5.457,26.880
-14.511,-5.457,28.614
-14.511,-5.457,30.349
-14.511,-5.457,32.083
-14.511,-5.457,33.817
-14.511,-5.457,35.551
-11.212,-4.289,14.741
-11.212,-4.289,16.475
-11.212,-4.289,18.209
-11.212,-4.289,19.944
-11.212,-4.289,21.678
-11.212,-4.289,23.412
-11.212,-4.289,25.146
-11.212,-4.289,26.880
-11.212,-4.289,28.614
-11.212,-4.289,30.349
-11.212,-4.289,32.083
-11.212,-4.289,33.817
-11.212,-4.289,35.551
-8.007,-3.154,14.741
-8.007,-3.154,16.475
-8.007,-3.154,18.209
-8.007,-3.154,19.944
-8.007,-3.154,21.678
-8.007,-3.154,23.412
-8.007,-3.154,25.146
-8.007,-3.154,26.880
-8.007,-3.154,28.614
-8.007,-3.154,30.349
-8.007,-3.154,32.083
-8.007,-3.154,33.817
-8.007,-3.154,35.551
