-29.209,29.788,14.741
-29.209,29.788,16.475
-29.209,29.788,18.209
-29.209,29.788,19.944
-29.209,29.788,21.678
-29.209,29.788,23.412
-29.209,29.788,25.146
-29.209,29.788,26.880
-29.209,29.788,28.614
-29.209,29.788,30.349
-29.209,29.788,32.083
-29.209,29.788,33.817
-29.209,29.788,35.551
-28.842,28.751,14.741
-28.842,28.751,16.475
-28.842,28.751,18.209
-28.842,28.751,19.944
-28.842,28.751,21.678
-28.842,28.751,23.412
-28.842,28.751,25.146
-28.842,28.751,26.880
-28.842,28.751,28.614
-28.842,28.751,30.349
-28.842,28.751,32.083
-28.842,28.751,33.817
-28.842,28.751,35.551
-25.421,19.089,14.741
-25.421,19.089,16.475
-25.421,19.089,18.209
-25.421,19.089,19.944
-25.421,19.089,21.678
-25.421,19.089,23.412
-25.421,19.089,25.146
-25.421,19.089,26.880
-25.421,19.089,28.614
-25.421,19.089,30.349
-25.421,19.089,32.083
-25.421,19.089,33.817
-25.421,19.089,35.551
-25.053,18.052,14.741
-25.053,18.052,16.475
-25.053,18.052,18.209
-25.053,18.052,19.944
-25.053,18.052,21.678
-25.053,18.052,23.412
-25.053,18.052,25.146
-25.053,18.052,26.880
-25.053,18.052,28.614
-25.053,18.052,30.349
-25.053,18.052,32.083
-25.053,18.052,33.817
-25.053,18.052,35.551
-23.792,14.489,14.741
-23.792,14.489,16.475
-23.792,14.489,18.209
-23.792,14.489,19.944
-23.792,14.489,21.678
-23.792,14.489,23.412
-23.792,14.489,25.146
-23.792,14.489,26.880
-23.792,14.489,28.614
-23.792,14.489,30.349
-23.792,14.489,32.083
-23.792,14.489,33.817
-23.792,14.489,35.551
-20.370,4.827,14.741
-20.370,4.827,16.475
-20.370,4.827,18.209
-20.370,4.827,19.944
-20.370,4.827,21.678
-20.370,4.827,23.412
-20.370,4.827,25.146
-20.370,4.827,26.880
-20.370,4.827,28.614
-20.370,4.827,30.349
-20.370,4.827,32.083
-20.370,4.827,33.817
-20.370,4.827,35.551
-20.003,3.790,14.741
-20.003,3.790,16.475
-20.003,3.790,18.209
-20.003,3.790,19.944
-20.003,3.790,21.678
-20.003,3.790,23.412
-20.003,3.790,25.146
-20.003,3.790,26.880
-20.003,3.790,28.614
-20.003,3.790,30.349
-20.003,3.790,32.083
-20.003,3.790,33.817
-20.003,3.790,35.551
-19.619,2.706,14.741
-19.619,2.706,16.475
-19.619,2.706,18.209
-19.619,2.706,19.944
-19.619,2.706,21.678
-19.619,2.706,23.412
-19.619,2.706,25.146
-19.619,2.706,26.880
-19.619,2.706,28.614
-19.619,2.706,30.349
-19.619,2.706,32.083
-19.619,2.706,33.817
-19.619,2.706,35.551
-19.041,1.075,14.741
-19.041,1.075,16.475
-19.041,1.075,18.209
-19.041,1.075,19.944
-19.041,1.075,21.678
-19.041,1.075,23.412
-19.041,1.075,25.146
-19.041,1.075,26.880
-19.041,1.075,28.614
-19.041,1.075,30.349
-19.041,1.075,32.083
-19.041,1.075,33.817
-19.041,1.075,35.551
